255720539  22182999  959.9944081960227
515154016  813353009  330.67551420321996
545531658   1020239619 871.694418912827
919573377   575662468 217.09033696439366
515154016 1028057017  73.54096989209854
433363727  552925023 712.8321399391599
49331883 660047579 224.29660184651055
515154016 255720539 191.12740059516474
718536082 649342641 272.3664827604155
278410537   394023556  56.662702123289414
718536082   408097434  887.1027656549592
1010954298  137420006 194.27667768787023
321409960   938513018  560.0477542869208
685058408   32665671  652.0906415981887
719086948  176132214  86.67953065271944
1028020874  176132214   766.458582299181
719086948 535290036  686.5627249145493
1028057017 392143535  803.3219880985837
956734219   137420006  776.7249427397501
176132214  1010954298   481.6765691871923
25442340 49331883   304.66959527701283
1059514802 534360401 740.9729071277767
247907166 392143535 257.6472764924631
969890693 29736416 177.15309539897052
1059514802   433363727 855.4658118118973
421909965 575662468  236.4773540804557
956734219  192801661   570.8727397212352
247907166   676921571  890.5824913399013
278410537  1003333166 163.2777484487876
529174390 408097434 961.2477692563658
718536082  452167475   46.413045892991136
719086948  1028020874   971.8516841486562
1028057017   1041050868 905.6846802117682
247282050   421909965 589.9458624017633
938513018  1020239619 924.8984130474767
956734219  676921571   725.1732170048158
392143535   1041050868   250.70239971008291
969890693  719086948  701.4328087020651
1003333166   751878580   154.37874783247798
829842832   557956331 136.61127403239982
153146290 29736416   101.20614667980446
358500589 192801661 38.483803521543535
132713963  829842832  640.9659516372118
421909965  249612155  729.9156748910714
421909965 515154016  500.1138728474624
1003333166  358500589   145.5265703382278
1003333166  938513018  377.28883026778493
321409960  249612155   14.911769324127608
278410537  951248860 607.3956737650044
49331883 247282050  130.9788422436263
1028020874 751878580  183.71681138487904
945643455 649342641   907.8659794665516
176132214  520261601   552.2278059130192
230442632 685058408   851.9277912859923
649342641 192801661 363.05977680615973
278410537 1041050868  255.53497367966668
557956331  358500589 590.1181497346087
575662468   176132214 448.08050185839613
408097434  1020239619  849.5195977527701
947338815   1028020874 481.28009456366954
405225275   284504884   862.026751810204
433363727 190002949   51.2398871316556
1003333166 926658169   146.10031423081512
405225275  32665671   819.6535990621796
534360401   719086948 124.97682513412067
948201693   813353009  646.5063473165683
535290036   25442340   643.8176509801339
1028057017 408097434  246.6004917792137
777784588  526201057 692.7893797483238
719086948 408097434  235.20314146471696
392143535   179931676 864.7345928575086
49331883 1059514802  491.11934012979333
969890693   777784588   215.42944333553842
176132214  552925023   303.3440968813902
676921571  948201693 878.279828465458
956734219 37777634   934.5353442447035
278410537  392143535   549.1530281276213
938513018   651828980  433.1706334885604
1041050868   452167475 202.52520733330192
176132214 190002949 338.39584647454524
515154016 247907166 40.56455741149039
534360401 408097434  685.4447663295765
552925023 1003333166  258.01783236653824
1041050868 945643455  850.1303332957539
777784588   651828980 919.1974857181418
649342641 1028020874 575.5494318001756
176132214   951248860 209.38603479647844
956734219  1003333166  680.0547924339355
718536082 1041050868  858.8865591340198
392143535   465214419   502.28217300437495
433363727 37777634   588.890120508169
408097434  367374736   415.47818465607065
405225275  247282050 330.9955195205631
545531658 284504884  235.35666726371605
247282050  25442340 608.2364232400187
552925023  1020239619 127.00420787618317
392143535  153146290  57.140404245119925
829842832 1020239619  200.90427654515997
896287977 813353009  371.08411762484076
552925023   179931676  766.0582680258299
969890693  751878580   248.29163200907166
685058408   22182999  486.08122801777535
132713963   751878580 399.6788936074164
938513018   37777634 713.2493298069609
945643455  956734219  979.9886488670135
719086948  948201693  454.08472821957537
956734219  179931676   968.44563288679
452167475  29736416  820.356787358776
660047579 394023556   787.7624106845183
1028057017 1010954298  301.2351107658124
284504884  392143535 46.85341298960401
25442340 32665671  323.47114819117616
247907166   190002949   707.6346191381601
719086948 1059514802   678.4385571562353
132713963 452167475 438.392780586319
676921571   179931676   814.537260887661
132713963  896287977  71.72921020444188
751878580   555324113  962.5761687275113
515154016  676921571  277.72251704473945
938513018   552925023 392.56696848482414
651828980 829842832 300.65375590411776
1028057017  405225275  164.06515608193902
945643455  951248860 450.5684173360628
278410537  813353009 182.57937902632975
179931676   49331883  260.49871518776183
392143535  945643455  536.1440124645134
1020239619 919573377  253.43016203623736
718536082   896287977 29.332381214408368
555324113  394023556  659.3229027899092
529174390  896287977  802.0692934494061
557956331 1010954298   792.5845098005667
137420006   29736416  747.656646511836
535290036   676921571  833.0063049245459
777784588   153146290  125.95109741302998
433363727   392143535  14.613414989939322
777784588  367374736 73.22085689762655
421909965  321409960  754.0339281876225
1028020874 49331883  284.5077515010764
520261601  255720539  708.2733815195005
132713963  255720539   738.9952277121087
545531658   153146290   250.96062668937242
1041050868  813353009  255.77509310138478
284504884  1010954298  801.809508238511
408097434   255720539   186.9695378506231
401036063 1003333166  127.25808122733649
392143535   718536082  111.6050840216009
649342641   945643455 907.8659794665516
452167475   394023556   834.2911202641216
515154016 32665671 129.9919954907652
575662468 919573377  217.09033696439366
421909965 545531658   853.7320063045521
49331883 405225275   994.1519439173809
120938410  192801661   406.9926225233108
991949995 176132214  753.6710988155645
938513018 948201693  309.6972438575327
555324113 557956331 8.468181540763212
255720539 969890693 317.47617955814616
1059514802  718536082 328.19129723219805
1010954298   649342641   126.27923009270226
421909965  534360401 709.5525119566989
991949995   575662468   524.8729058490502
520261601  718536082   990.1512912522089
247907166   452167475 968.2648724696741
951248860   829842832   941.0447193561993
29736416  394023556 985.5577023904419
718536082 230442632 544.3121982973614
179931676  37777634 635.7049829527253
1003333166 718536082   585.3537392919062
926658169   32665671   367.12021988869486
465214419 515154016  494.19506223109926
321409960   1003333166   156.70736267834192
120938410   526201057  789.548204851217
465214419   179931676 276.77603946450864
685058408   255720539   466.00274806286933
120938410   358500589 736.1527174076214
552925023 176132214   303.3440968813902
247282050  926658169 326.0951178838331
676921571 545531658 79.08958084322836
284504884 829842832   541.5953418581927
545531658 32665671 144.78511529518815
777784588   1020239619 171.24946154269412
433363727  358500589   824.0093159245506
557956331 813353009 852.246168125597
278410537 529174390 833.6730253017868
465214419   1028020874   183.68148297142983
751878580 401036063   962.6743262300607
1028020874   948201693   583.5686540255049
49331883   367374736 476.58314429908455
829842832 649342641  258.66193098841137
394023556  557956331 897.5374518506177
777784588   991949995   634.654040313321
956734219  649342641 335.91986753804207
49331883 535290036 539.2992741567949
433363727  367374736  55.00732737842705
991949995 278410537   163.05590257119258
660047579  367374736   96.18346454529862
284504884   919573377  837.4899718216692
545531658 1041050868  103.17598740427907
132713963  25442340 549.1004295421176
685058408  813353009  97.55068150821835
192801661  32665671   376.8485764843554
1003333166 367374736  631.0910769595391
991949995   32665671  498.6590665729958
919573377  278410537   678.9634817571231
433363727   1059514802  855.4658118118973
829842832  153146290 629.195018001491
545531658   421909965  853.7320063045521
557956331 651828980 791.8935251880046
421909965 947338815   788.9398389923982
919573377 153146290   438.9823205393799
552925023   284504884   860.1645078191094
132713963   938513018   196.03825311060854
945643455   394023556   297.7248408762575
1010954298   32665671  360.10418840582514
137420006 278410537  158.63632527681924
25442340 358500589  220.55561369548926
192801661  408097434 648.0761614428772
132713963   367374736   998.3572420581395
751878580   132713963   399.6788936074164
192801661  529174390  545.7553827099994
120938410 255720539 785.3267348998552
255720539  555324113  324.69647053748884
465214419   1028057017 2.4504519783516954
1028057017   685058408  56.67825746869962
367374736  284504884   133.67690850431885
179931676 392143535 864.7345928575086
132713963 190002949  420.2144203536181
926658169   1003333166 146.10031423081512
534360401 421909965  709.5525119566989
49331883  401036063  254.17267870857705
1028020874   190002949   765.2804919381266
1003333166  1020239619   427.5538172541352
751878580 321409960   405.36786362087076
25442340  948201693 265.248020607997
32665671 192801661  376.8485764843554
255720539 321409960  256.88702599744386
22182999   120938410   980.094158721845
247282050  948201693 766.0767874108171
926658169   1041050868  945.9634158182309
32665671  545531658 144.78511529518815
433363727 278410537  120.09664484712879
526201057   1059514802   975.5385378184299
515154016   37777634 511.11319709889324
829842832  651828980  300.65375590411776
247282050  951248860  272.84812922750757
394023556   452167475   834.2911202641216
1003333166 552925023   258.01783236653824
249612155 49331883 235.7948301541378
190002949 255720539  31.389357037818183
405225275 137420006  877.7090193901612
1003333166   176132214   917.8802103481518
192801661   552925023  320.20771136546375
969890693   433363727 889.2089822898278
29736416 557956331   477.56968466306716
813353009 535290036  646.4371743729297
1010954298 534360401   174.68327101300193
120938410   777784588  711.5247930259638
192801661  137420006  45.751301265683416
367374736   947338815 867.7501632210483
249612155 190002949   973.8254491372693
938513018 321409960   560.0477542869208
392143535  401036063 4.381241299204984
515154016  192801661   822.6253122173712
520261601   1020239619   776.3269098690745
515154016 969890693 82.56035704012442
829842832   1041050868 27.37095552527211
255720539 520261601 708.2733815195005
247907166   919573377   130.05159458208777
465214419  649342641 42.17563437895341
969890693   991949995  438.8033246003373
529174390 575662468  484.34314103100536
515154016   278410537  514.3706267457052
956734219  526201057 353.440766833004
956734219 685058408   931.6810748498782
358500589 153146290  903.2024377477261
132713963   405225275 854.5004403652442
278410537 575662468   811.8706926806499
991949995  137420006   994.4872867892337
401036063 651828980  459.1031905428029
515154016 401036063   337.07233435812327
535290036  938513018  981.583757991974
813353009  829842832   446.251393145878
649342641   535290036   662.4492066765437
938513018 1059514802  470.31004167962607
718536082   190002949  43.928451972800666
520261601  421909965 866.2496847925073
529174390 926658169   232.99535646007968
433363727  676921571 258.098787576842
230442632   529174390   255.388154061613
1003333166   534360401 770.3543739949496
394023556   37777634  657.4742536989988
948201693   1003333166   599.1663376857841
247907166  535290036   282.5900639296369
515154016 557956331  92.92310522538305
829842832  394023556   629.3891368386627
176132214 813353009 199.69461975809014
137420006   526201057 566.7550285234994
1041050868 926658169   945.9634158182309
719086948 555324113   86.83017518866632
153146290  919573377  438.9823205393799
751878580   1041050868   908.4148557753684
421909965 247282050   589.9458624017633
1028020874   452167475   231.37283328785702
535290036   555324113 329.30556010085957
751878580  926658169 13.51169766681269
526201057  120938410   789.548204851217
529174390  29736416  788.4607023351775
1010954298  896287977  348.9734475362849
751878580 284504884 308.8973112350598
190002949  956734219 831.6270182738479
1028057017   249612155  919.3550961002738
32665671 230442632   556.4323242371952
956734219  190002949  831.6270182738479
284504884  190002949 316.13304722472344
926658169   813353009  643.487860551659
520261601  534360401 784.97403306321
32665671   719086948  911.1248808605563
552925023  465214419  10.166857915916458
649342641 969890693   538.7953844070544
945643455   247282050 272.68776635785997
132713963  969890693  323.1351439882865
176132214  926658169  613.6971708935151
948201693 25442340  265.248020607997
452167475   153146290   561.686853431893
401036063  951248860 590.0904771001577
534360401  367374736  54.81909434590578
176132214  575662468   448.08050185839613
649342641  408097434  459.56434458014996
777784588   947338815   428.90349111961444
247282050   32665671  127.25195916771254
132713963   557956331   748.4658048275063
465214419  1003333166   250.87325365451343
367374736   535290036  349.3941594330678
247907166  777784588  300.02026045948446
132713963 22182999 402.25764579826995
247907166  945643455  858.696182972422
29736416   284504884  29.600755117424498
32665671   1010954298 360.10418840582514
247282050 813353009 905.2311350589481
22182999   719086948  844.9444966711708
545531658 829842832 753.6441506217332
520261601  1059514802   375.83428517783943
247907166 255720539 402.830773886229
247282050   660047579   153.66445653833557
358500589   575662468  649.0257518944303
321409960  394023556  800.220829026243
526201057 452167475   286.6067988813683
255720539   132713963   738.9952277121087
718536082  1059514802   328.19129723219805
718536082  1028057017   362.37447667219334
956734219   534360401 365.5539007272223
22182999  192801661 269.7942666504802
1059514802 1020239619   537.8955538004537
651828980  526201057 208.80340749552641
829842832  1059514802  331.2504818005974
394023556 1010954298   363.23039983700477
421909965  401036063 460.57548203933743
557956331  829842832   136.61127403239982
32665671   153146290   649.0541699417995
433363727   137420006  761.1465261226845
751878580  247907166  66.7172751423614
1028057017   452167475 2.298033341935189
401036063 408097434  791.8357744400197
951248860  176132214   209.38603479647844
358500589  408097434  286.75374081007425
408097434   649342641 459.56434458014996
408097434 32665671   560.5057336891132
575662468  991949995  524.8729058490502
278410537  137420006   158.63632527681924
660047579 557956331  250.6969286973966
545531658  947338815   996.976541165783
278410537 777784588  632.586725206779
1041050868   1059514802 280.1627808003966
1020239619 947338815   446.44609171169424
660047579   247907166  149.4720988308047
190002949   1028020874  765.2804919381266
25442340   37777634 946.5447125763214
813353009  719086948 137.89994422921552
1003333166 249612155  628.3801298961379
945643455  230442632  261.1853292904027
392143535   278410537 549.1530281276213
718536082   421909965 883.6270370689067
529174390  230442632  255.388154061613
190002949   1020239619 192.3321010250364
120938410   534360401   933.4873409913163
948201693   552925023  979.7223187687226
1028057017  919573377   566.4179065923523
515154016  552925023  715.8987386345009
29736416  529174390  788.4607023351775
32665671   685058408 652.0906415981887
718536082  545531658   892.3504135987723
137420006 919573377   345.3340766191102
651828980  32665671 992.1576127213012
552925023   192801661  320.20771136546375
1020239619 520261601 776.3269098690745
392143535 926658169  636.2779304671735
394023556   945643455 297.7248408762575
358500589  230442632  654.6901714752224
401036063   685058408 459.56060985831994
829842832 951248860  941.0447193561993
32665671   1041050868   459.90464582656375
813353009   575662468  931.325519445913
465214419  394023556 980.3370710374539
1028057017  190002949 572.0633469551128
392143535   358500589   726.3619425927956
718536082 153146290 479.2044148373782
515154016  408097434   527.8060319908426
32665671  433363727  421.3566573976441
829842832  813353009 446.251393145878
1041050868  751878580 908.4148557753684
535290036  190002949   864.4699267631544
555324113 37777634  146.40644424188042
938513018 1003333166   377.28883026778493
421909965   520261601   866.2496847925073
405225275 179931676   211.52075740858578
813353009 32665671  790.1678942102013
1028057017 358500589  21.83191716382619
1028020874  719086948 971.8516841486562
358500589 1028020874  559.6264017161982
829842832   529174390   698.2665675449723
1041050868   829842832   27.37095552527211
137420006 1003333166 216.10860749157823
919573377  230442632  988.3044061515604
718536082   660047579 157.43091257439818
520261601  919573377  420.7655565939988
649342641 552925023  154.66843649412203
367374736   433363727   55.00732737842705
120938410 1010954298  987.6532150991096
367374736  651828980 749.5457628889301
433363727   230442632 167.41632613037024
575662468   969890693   644.3551096273495
37777634  947338815 114.5767132797989
938513018   247282050 424.8777754166293
676921571  247907166   890.5824913399013
190002949   1028057017   572.0633469551128
557956331 951248860  882.445345470512
777784588   938513018 526.860694242866
1041050868 392143535  250.70239971008291
938513018 555324113  265.6949726919546
813353009 956734219  883.9689951483602
1028020874  1003333166  201.33435832028354
555324113   651828980  885.4663056450433
137420006  991949995   994.4872867892337
255720539 465214419   213.87110203931593
1028057017  120938410 354.3390142973117
452167475 535290036   847.3712479765505
1059514802 719086948  678.4385571562353
919573377 1020239619 253.43016203623736
545531658  401036063   803.9158498848911
321409960  392143535  925.1541944691893
190002949   649342641 164.75042954903
25442340  896287977  732.4924948627628
255720539 1028057017   651.0741282541256
247907166 951248860  733.6601418279511
555324113   535290036   329.30556010085957
1059514802  969890693   653.4826790909259
120938410  367374736   239.2438078849053
991949995 948201693  47.07227738327846
938513018 137420006 830.7097105771865
401036063  1059514802   92.92933739203376
137420006  176132214 389.17882447273183
829842832  545531658 753.6441506217332
919573377   520261601  420.7655565939988
230442632 433363727  167.41632613037024
520261601 179931676   362.9340629105496
685058408 575662468  876.7268378323201
247907166  991949995 292.02470680963256
401036063  132713963 873.8829285652918
515154016 685058408   546.0325948864757
991949995  777784588   634.654040313321
190002949 284504884   316.13304722472344
433363727  969890693   889.2089822898278
405225275  278410537  539.7546959438446
1003333166  401036063   127.25808122733649
651828980 951248860  730.8929098826542
433363727  321409960   975.8275264794098
37777634 255720539 929.7378336547691
557956331   394023556  897.5374518506177
555324113  526201057 662.3381042350244
153146290  394023556 916.1950086435
176132214 545531658  701.1417722254369
278410537   32665671  715.7090414887305
249612155  367374736   397.97592248334394
926658169  247282050   326.0951178838331
392143535   557956331   618.1227371005347
719086948   22182999 844.9444966711708
192801661  358500589 38.483803521543535
938513018   777784588  526.860694242866
956734219   938513018  930.2127268546113
969890693  1010954298   692.4136839134544
1028020874 1059514802   427.0996811304369
405225275  947338815  776.5433255693004
120938410  25442340  635.7160189764098
408097434   358500589 286.75374081007425
358500589 394023556 648.8621800725617
120938410 520261601  653.711741907446
247907166  515154016   40.56455741149039
718536082 555324113 649.5611083777485
249612155   120938410  105.0742242514494
394023556 651828980   521.6165520317004
969890693  22182999 756.916077701633
49331883  948201693   402.4357803527846
405225275   49331883 994.1519439173809
1028020874 945643455 427.76713714191766
247282050 49331883  130.9788422436263
1041050868   284504884   443.4809824613855
1028020874   529174390  461.1875896252399
545531658  896287977 749.3129651088713
25442340   132713963  549.1004295421176
394023556 829842832   629.3891368386627
37777634 956734219   934.5353442447035
651828980 535290036   964.8176381856064
405225275   132713963   854.5004403652442
132713963 284504884   542.4442102846788
421909965  1028020874 206.66858727295536
948201693 719086948  454.08472821957537
991949995  945643455 290.44822196046215
192801661  22182999   269.7942666504802
408097434   947338815 153.66678899838197
358500589   32665671   949.1442485652088
829842832  358500589  489.980933722083
829842832   22182999  455.9771901797537
1010954298 22182999 93.27736010187351
247282050  255720539 592.8892858808503
718536082 49331883   52.921123971962714
433363727  22182999  437.86051561364155
526201057  685058408  38.05395560297508
947338815   926658169 278.1951371740246
1059514802  37777634 924.5007075534645
919573377  176132214 304.72191299981074
951248860   557956331   882.445345470512
660047579   991949995 599.4802828371367
919573377  529174390  533.6094962690225
575662468 534360401 764.9186513753358
948201693  394023556 363.0700462254652
465214419  392143535 502.28217300437495
676921571  535290036 833.0063049245459
555324113   751878580  962.5761687275113
1028020874   401036063   318.48479912948454
392143535 535290036  568.3920191969271
22182999 685058408 486.08122801777535
719086948   37777634  777.2776059018257
49331883 249612155  235.7948301541378
192801661  829842832  688.3718029939039
37777634 938513018  713.2493298069609
321409960   433363727  975.8275264794098
751878580 1003333166   154.37874783247798
190002949   557956331 407.77577515121425
535290036  520261601  827.3556842539507
1010954298 651828980 504.59698757338015
545531658 176132214   701.1417722254369
649342641  520261601   798.3326180166646
29736416   545531658  546.7019190060419
192801661   919573377  366.75328591301087
25442340 535290036 643.8176509801339
896287977  1010954298  348.9734475362849
1003333166 465214419 250.87325365451343
1010954298 969890693   692.4136839134544
1020239619 358500589 352.86655478564154
552925023   575662468  524.075220881765
545531658   29736416  546.7019190060419
969890693  552925023  593.9691839279196
991949995  1020239619  868.3525319654683
255720539  575662468   218.42755842801986
1010954298  1028020874 385.1209284652899
575662468  358500589   649.0257518944303
179931676 813353009   547.380320199315
179931676 938513018   367.8751233792548
1003333166   255720539   529.9884809963808
676921571  433363727   258.098787576842
192801661 649342641 363.05977680615973
394023556 529174390   373.85505126355923
190002949 951248860  754.1680528858976
1010954298  991949995  786.1844327747104
255720539   120938410   785.3267348998552
676921571 956734219   725.1732170048158
1010954298  1028057017 301.2351107658124
278410537  649342641   223.75973021388845
777784588  408097434  262.70289743135413
401036063 545531658  803.9158498848911
179931676 919573377 751.0794409546035
813353009   29736416   340.35645512549786
452167475 358500589 240.52164403673754
947338815   421909965   788.9398389923982
947338815   192801661   583.9567491991704
401036063  938513018   513.107766770324
1003333166   991949995 778.7448293175586
176132214  969890693 218.73555765570725
25442340   190002949 913.8655785119037
777784588  896287977   347.5770361287577
719086948 534360401  124.97682513412067
255720539 1010954298   964.5325589011231
969890693 529174390 453.65389796676175
1059514802   1010954298 365.4447345332546
991949995   190002949   567.1482299164218
969890693 32665671   659.9130721883455
676921571   1059514802  681.5220364412822
545531658   991949995 154.4087792643277
255720539 545531658 645.2129659420714
405225275 249612155  63.68885802678892
192801661   526201057  968.4687589461486
526201057  137420006  566.7550285234994
1020239619 926658169  992.2810795000823
676921571 751878580   792.4822718710509
676921571  991949995 96.52778870051087
25442340   137420006   729.2723798743689
321409960   192801661 733.4112730663924
520261601  535290036  827.3556842539507
1041050868   394023556  822.7518373474791
956734219   255720539  132.66207391571794
137420006 49331883  536.9181038451657
278410537  49331883  857.2875878702881
649342641  358500589  485.6895021650922
190002949   153146290  119.1674615760256
919573377 1059514802 330.04587893225795
284504884   367374736   133.67690850431885
249612155  660047579   387.304912175126
247282050   552925023  730.0601203368013
719086948 813353009 137.89994422921552
284504884  153146290   242.89223972951243
190002949  132713963   420.2144203536181
777784588  969890693   215.42944333553842
529174390   969890693  453.65389796676175
545531658   526201057   946.6607678321834
179931676 552925023 766.0582680258299
1041050868 1010954298  712.4568374619026
660047579   926658169   264.4650907895837
777784588  120938410  711.5247930259638
249612155  421909965   729.9156748910714
1020239619   408097434  849.5195977527701
555324113  255720539   324.69647053748884
718536082   676921571 571.6325239842862
1041050868 552925023 920.6319757586365
37777634  1059514802  924.5007075534645
137420006   1010954298  194.27667768787023
919573377 247907166   130.05159458208777
1028020874 358500589 559.6264017161982
230442632   22182999  111.05423556289735
751878580  660047579   259.2215717623823
951248860  29736416 873.0619713092217
751878580   520261601 425.4663322254116
557956331   190002949 407.77577515121425
896287977 535290036   468.929716994512
649342641  1020239619  226.12757405740587
649342641 190002949   164.75042954903
651828980 394023556   521.6165520317004
926658169   392143535  636.2779304671735
120938410 1028057017   354.3390142973117
676921571 452167475  146.07582800864913
529174390   192801661  545.7553827099994
367374736 660047579   96.18346454529862
534360401 249612155  379.8471739356136
685058408  394023556 977.6328374648791
555324113   1041050868   84.23066208321521
22182999  137420006  529.4548069139973
651828980   557956331   791.8935251880046
255720539   394023556 710.5268312637916
1059514802  676921571 681.5220364412822
132713963  520261601  769.7419508099126
321409960 751878580  405.36786362087076
284504884 552925023 860.1645078191094
433363727  29736416   89.15235149674656
190002949  535290036  864.4699267631544
247282050   137420006  610.5199234659653
545531658   529174390   217.73320543517104
192801661 515154016  822.6253122173712
526201057   555324113  662.3381042350244
32665671 392143535  171.75450056732797
545531658  948201693 977.2405654827246
190002949  896287977 733.0003228033955
969890693  813353009  297.23191015649604
938513018   401036063 513.107766770324
1028057017   255720539  651.0741282541256
394023556  153146290  916.1950086435
247282050   938513018  424.8777754166293
358500589 120938410   736.1527174076214
557956331   255720539 786.2219891053961
660047579 321409960 660.5890914052912
529174390  137420006   645.845925775636
557956331 515154016   92.92310522538305
552925023 649342641  154.66843649412203
951248860 32665671 24.894485834988302
1010954298 358500589 245.12316482455532
1028020874  367374736   148.7060213038549
1041050868   555324113  84.23066208321521
29736416   526201057 33.58273462166631
465214419  552925023 10.166857915916458
25442340   247282050 608.2364232400187
465214419   938513018   97.1319308421615
926658169  938513018 408.30094548781085
520261601 649342641   798.3326180166646
421909965 247907166  788.2072679110097
1003333166 948201693   599.1663376857841
919573377   660047579   684.8037455708865
718536082  719086948  84.85502669926171
421909965  137420006 154.5876144604126
991949995   969890693  438.8033246003373
896287977 718536082   29.332381214408368
394023556  719086948 504.10638284285403
176132214 408097434 755.2154372513965
829842832  685058408  50.113699457655045
919573377   969890693 661.2927908026454
1041050868   230442632   537.4347760011988
520261601   1041050868 979.0667911731147
1059514802  452167475   975.4989373444512
452167475  1028057017   2.298033341935189
545531658 718536082 892.3504135987723
649342641  719086948 955.1915766013059
718536082  1003333166   585.3537392919062
132713963  947338815  452.89779783970124
526201057   651828980  208.80340749552641
249612155 405225275   63.68885802678892
32665671  926658169 367.12021988869486
247282050 945643455 272.68776635785997
969890693  153146290 983.6755005303434
534360401 575662468  764.9186513753358
919573377 22182999   751.6015637581199
529174390  394023556  373.85505126355923
829842832   32665671   99.76325335982104
751878580  919573377   766.5430029870719
137420006  969890693  303.28375223331034
947338815  408097434  153.66678899838197
29736416   813353009  340.35645512549786
956734219   1010954298  887.3308117742184
1028020874  947338815 481.28009456366954
367374736 1003333166 631.0910769595391
552925023   394023556   696.3696681259846
1003333166 956734219  680.0547924339355
255720539   956734219   132.66207391571794
321409960 660047579 660.5890914052912
278410537   520261601  978.3345646080659
278410537 919573377   678.9634817571231
777784588  1003333166   317.26639432155645
534360401 520261601   784.97403306321
813353009   969890693  297.23191015649604
192801661 947338815   583.9567491991704
153146290  545531658   250.96062668937242
49331883  1020239619 652.451022367753
120938410   22182999   980.094158721845
1041050868   651828980   667.2821434219749
919573377  49331883  647.2817991178988
1010954298  255720539  964.5325589011231
190002949 1010954298  104.39720865779732
969890693  137420006  303.28375223331034
255720539  153146290   739.2959428142351
49331883  719086948  356.14309293344644
1010954298 247907166 738.85770526497
545531658  660047579 701.2792704955115
896287977   777784588 347.5770361287577
137420006   192801661 45.751301265683416
919573377  284504884   837.4899718216692
515154016 829842832  604.5789440259547
179931676  969890693 426.1740625844514
465214419 255720539 213.87110203931593
247907166   534360401 989.2930644119938
829842832   777784588  361.2065280689195
25442340  685058408 755.599175345146
284504884   408097434   971.9229873156462
394023556 535290036  930.2586211851982
452167475  951248860 364.5266897732674
660047579  718536082  157.43091257439818
179931676  676921571  814.537260887661
685058408  535290036   990.3238417565484
49331883 926658169   987.184218538497
545531658 676921571  79.08958084322836
1010954298 192801661 538.0005663601222
719086948 651828980  973.597548359912
1028020874   255720539  903.9476613953337
452167475 247907166 968.2648724696741
520261601   947338815   424.13873350112345
249612155 969890693 176.24927148391905
321409960  255720539  256.88702599744386
367374736  552925023 250.67900775484628
401036063   247907166  413.9610750456522
179931676 433363727   351.04250777806743
278410537   1010954298  687.8544844152603
969890693   255720539 317.47617955814616
153146290  32665671  649.0541699417995
247907166 660047579   149.4720988308047
405225275   153146290  699.5664326306043
192801661 1010954298  538.0005663601222
192801661  120938410 406.9926225233108
32665671   367374736  414.45436185817175
367374736  1059514802   305.0980529848
660047579 230442632  850.1460251462237
25442340   649342641   855.590287588412
321409960   926658169   172.99032586362557
685058408  230442632  851.9277912859923
719086948   120938410   463.5734053114458
751878580   813353009  672.4668044562982
956734219   813353009 883.9689951483602
401036063  176132214 765.9673130594485
421909965   951248860 656.6790607583557
132713963  529174390  514.1400142726762
1020239619 49331883   652.451022367753
751878580  969890693 248.29163200907166
948201693 535290036 545.2867727793304
29736416  137420006   747.656646511836
956734219  1028057017 812.4732413972796
896287977   529174390  802.0692934494061
719086948   649342641  955.1915766013059
1020239619   37777634   453.1522215438618
394023556   552925023 696.3696681259846
284504884  230442632   589.1400519906907
278410537  991949995   163.05590257119258
896287977   1059514802 351.112982091439
947338815   956734219  603.09184693703
278410537   37777634 108.18264953657076
25442340  557956331 700.3017732191753
255720539  685058408   466.00274806286933
120938410  685058408  991.8528815174981
948201693 938513018  309.6972438575327
394023556   249612155 837.0392875920238
520261601  132713963 769.7419508099126
829842832 284504884  541.5953418581927
278410537 829842832  656.2177300806698
751878580   394023556   107.9349400035891
367374736 32665671 414.45436185817175
719086948  529174390   427.80103534804533
392143535  534360401   892.16780696997
465214419   896287977 47.70079255584191
896287977   190002949  733.0003228033955
948201693 37777634  866.8017843382427
520261601 367374736 824.3930896301355
718536082   520261601  990.1512912522089
813353009   179931676  547.380320199315
421909965  394023556   733.6661182148491
813353009 1041050868 255.77509310138478
515154016   179931676 498.20334659961026
321409960 685058408 98.19263768949463
247282050   651828980 157.12360806793686
433363727   179931676   351.04250777806743
405225275  1028057017 164.06515608193902
991949995   1010954298 786.1844327747104
718536082 529174390  758.8087729082281
153146290 22182999  42.63294987009045
1041050868 49331883 389.62622751191105
1028057017   25442340  89.97970807906526
421909965   751878580  239.94004428232836
718536082  1020239619  652.5472429258805
132713963  1010954298   268.4242598497527
896287977   230442632  460.36628475443837
1028057017 32665671  176.02879595204388
132713963   401036063   873.8829285652918
751878580   552925023 831.1255715926363
401036063   515154016   337.07233435812327
1041050868   947338815  698.1139923853348
956734219 520261601  67.92668960879513
255720539  408097434  186.9695378506231
896287977   37777634  640.7246699371965
777784588  529174390  21.164141192198823
1028057017 321409960 138.4675169927703
278410537   534360401   638.3039835553859
37777634  192801661  254.44520982046478
1041050868  405225275  997.1110370747184
1028020874   552925023   56.498269440514555
247282050 401036063   954.7922828340891
465214419 651828980   656.2960962371604
392143535 247907166   257.6472764924631
37777634   529174390 891.1932932708982
896287977  1020239619 520.7787835799604
137420006   1020239619 102.34904086718235
367374736 534360401   54.81909434590578
651828980   719086948 973.597548359912
813353009  685058408   97.55068150821835
1003333166 321409960 156.70736267834192
452167475 947338815   481.70547312497615
1028020874  649342641  575.5494318001756
247282050  947338815 30.293229559019753
249612155   394023556 837.0392875920238
1059514802   367374736 305.0980529848
408097434   392143535 245.95655332594401
249612155   1010954298  73.217657797736
25442340 120938410  635.7160189764098
247907166 1010954298   738.85770526497
948201693  230442632 540.1613574018432
557956331   555324113 8.468181540763212
25442340  534360401 372.84361112725054
401036063   394023556   472.53692758489296
1028020874   394023556 45.42295720854769
956734219 947338815 603.09184693703
192801661   534360401 842.2266258379752
1020239619 137420006 102.34904086718235
394023556   29736416   985.5577023904419
452167475   926658169   284.5093237982976
137420006   529174390  645.845925775636
552925023  751878580 831.1255715926363
249612155  37777634  224.58267812415264
247907166 401036063  413.9610750456522
718536082   392143535   111.6050840216009
534360401   120938410  933.4873409913163
969890693  575662468 644.3551096273495
520261601 951248860 612.2342507807524
926658169   947338815   278.1951371740246
1028057017 896287977  829.5135784355044
1003333166 22182999   97.59727408664506
358500589 649342641 485.6895021650922
1010954298 535290036  344.95357458768706
321409960   529174390   541.0235571128168
956734219 719086948  513.2823671131667
829842832 247907166   479.11733228518597
421909965   896287977 232.85184704263753
649342641  1010954298  126.27923009270226
534360401 392143535  892.16780696997
718536082  358500589  935.2884286250312
947338815 452167475 481.70547312497615
284504884 938513018 303.42557720708595
25442340  575662468 862.2122279857616
829842832  991949995   187.82024406637055
660047579 452167475  417.09725554076005
465214419 452167475 542.9987033930302
649342641   22182999  486.0794009616613
1020239619   535290036  990.2309843633919
137420006  651828980   460.7209981905826
956734219   945643455 979.9886488670135
1028057017  529174390  361.8028639359032
938513018   535290036   981.583757991974
555324113 1010954298  719.5221503094666
651828980 392143535 148.50325935042864
1010954298 394023556 363.23039983700477
255720539 247282050  592.8892858808503
1028020874   1010954298 385.1209284652899
367374736 120938410 239.2438078849053
179931676 520261601   362.9340629105496
557956331   29736416   477.56968466306716
649342641   278410537   223.75973021388845
321409960 32665671 744.9143551867404
926658169  29736416  576.4837485561859
247907166   408097434  338.2225750147113
919573377 179931676 751.0794409546035
660047579  408097434  847.7489724196208
534360401  25442340  372.84361112725054
179931676   358500589  69.81866824954353
392143535 813353009   918.6848168970047
421909965   552925023   236.8355194945852
777784588  230442632 319.91574786686493
552925023  1028020874  56.498269440514555
433363727   529174390 893.9742647880812
926658169  452167475  284.5093237982976
718536082   575662468  527.8208440945369
649342641  255720539  669.134199263343
405225275   401036063  724.9089115330681
529174390   520261601  594.9127818622825
676921571 529174390  207.09540655179828
358500589   452167475  240.52164403673754
284504884 660047579 243.04346868899026
829842832 515154016 604.5789440259547
1041050868 520261601 979.0667911731147
284504884  29736416 29.600755117424498
529174390 37777634   891.1932932708982
190002949 433363727  51.2398871316556
575662468  255720539  218.42755842801986
1041050868   32665671 459.90464582656375
1020239619  552925023 127.00420787618317
1028020874  575662468   721.5844132419548
392143535  408097434 245.95655332594401
465214419 1020239619   279.16716838594556
526201057  29736416   33.58273462166631
255720539 37777634 929.7378336547691
358500589  813353009  604.3254099229899
719086948   394023556   504.10638284285403
557956331   392143535 618.1227371005347
945643455 247907166 858.696182972422
392143535   190002949 35.291090257488335
421909965   829842832 194.29638916072966
247282050 179931676 89.94243073954677
132713963  951248860  825.6429960308124
529174390  255720539  627.6372989709864
32665671  408097434 560.5057336891132
515154016 321409960 357.74035176246707
1028057017  829842832 778.2969059424797
367374736   520261601 824.3930896301355
777784588 278410537  632.586725206779
137420006   945643455 285.95189068502333
938513018 926658169 408.30094548781085
132713963  526201057 125.15100089324706
926658169  534360401   917.7081561012496
719086948   32665671 911.1248808605563
176132214  557956331 577.0543457261467
433363727 32665671 421.3566573976441
176132214  991949995 753.6710988155645
948201693 991949995 47.07227738327846
1028057017 718536082 362.37447667219334
192801661  37777634 254.44520982046478
676921571  555324113  858.2191209055738
137420006   22182999 529.4548069139973
557956331  969890693  343.49309461655406
651828980 1010954298   504.59698757338015
49331883  896287977 80.27144156856919
284504884   948201693   301.92053524643444
401036063  247282050   954.7922828340891
190002949   777784588 722.7265786207837
392143535  32665671 171.75450056732797
405225275   1041050868   997.1110370747184
